-1.99827e-20 -8.2031e-22 -2.53585e-21
0.111649 -1.13001 0.0247848
0.224902 -2.29456 0.0616495
0.302929 -3.52689 0.111548
0.381524 -4.71424 0.134524
0.479125 -5.76622 0.182198
0.644456 -6.77815 0.204061
0.851315 -7.89472 0.235498
0.964446 -9.01785 0.262097
1.04092 -10.2242 0.3136
1.16622 -11.5033 0.367085
1.37882 -12.7575 0.409244
1.70197 -13.9556 0.432605
1.99217 -15.1613 0.472895
2.37881 -16.338 0.521935
2.69036 -17.5307 0.573083
2.87169 -18.7491 0.643896
3.18558 -19.9477 0.726165
3.45031 -21.1633 0.78611
3.69105 -22.3484 0.882985
3.85145 -23.5847 0.933082
4.0339 -24.845 1.03026
4.25123 -26.0398 1.10631
4.43037 -27.2481 1.17905
4.60333 -28.4739 1.30426
4.82104 -29.7338 1.35716
5.02991 -30.9513 1.46209
5.22378 -32.179 1.55938
5.39234 -33.4334 1.6552
5.5592 -34.6889 1.79751
5.75482 -36.0005 1.86431
5.96384 -37.2663 1.98519
6.1658 -38.5122 2.04066
6.36651 -39.8006 2.16148
6.5377 -41.0621 2.25516
6.68653 -42.3175 2.38474
6.92173 -43.5881 2.49402
7.08239 -44.5739 2.59068
7.26341 -45.8227 2.70118
7.3916 -47.0963 2.81273
7.54985 -48.3772 2.98315
7.74904 -49.6133 3.08953
7.90948 -50.8828 3.11778
8.00417 -52.1406 3.23919
8.04951 -53.4102 3.37041
8.02924 -54.6598 3.47545
8.0265 -55.9327 3.62753
7.97228 -57.1727 3.72536
7.92545 -58.438 3.80179
7.92613 -59.6547 3.95107
7.91908 -60.8669 4.05691
7.93792 -62.1232 4.24157
7.94132 -63.2621 4.29271
7.9885 -64.4306 4.41159
8.00771 -65.5929 4.53961
7.9312 -66.6943 4.63639
7.68639 -67.6722 4.70603
7.27021 -68.4443 4.78778
6.8874 -68.8776 4.80947
6.42437 -69.2065 4.8452
5.87443 -69.4571 4.86342
5.2081 -69.6033 4.87296
4.10165 -69.7466 4.91037
2.9523 -69.8306 4.89657
1.95061 -69.9021 4.92331
0.94701 -69.8981 4.90431
-0.185681 -69.7156 4.91964
-0.799139 -69.4305 4.89945
-1.21205 -69.1317 4.88958
-1.57414 -68.7569 4.87656
-1.79135 -68.29 4.82383
-1.90169 -67.8086 4.80444
-1.93454 -67.1529 4.73062
-1.7732 -66.0214 4.60244
-1.58596 -65.032 4.52157
-1.46525 -63.8654 4.36128
-1.46972 -62.7415 4.26314
-1.57472 -61.6767 4.17136
-1.79748 -60.5059 4.06261
-2.01326 -59.5194 3.97129
-2.2628 -58.526 3.89248
-2.49168 -57.5558 3.80623
-2.65453 -56.5715 3.71443
-2.90375 -55.5578 3.63243
-3.09878 -54.4888 3.54356
-3.27021 -53.4614 3.4528
-3.42776 -52.3958 3.37573
-3.5798 -51.3108 3.25471
-3.70924 -50.2536 3.17004
-3.90614 -49.139 3.06342
-4.08428 -48.0812 3.0147
-4.24343 -47.0057 2.89917
-4.42967 -45.9318 2.80887
-4.65117 -44.8524 2.7031
-4.84366 -43.7631 2.64264
-5.04023 -42.6848 2.55466
-5.17571 -41.5419 2.47221
-5.30508 -40.4124 2.36916
-5.51368 -39.2717 2.29898
-5.74919 -38.1607 2.17436
-5.93112 -37.0311 2.11421
-6.1105 -35.9213 1.97995
-6.25828 -34.7844 1.91113
-6.43392 -33.6444 1.83112
-6.64997 -32.5061 1.72415
-6.86465 -31.3714 1.66365
-7.05685 -30.2148 1.53699
-7.20346 -29.0713 1.48557
-7.35355 -27.8961 1.39415
-7.57826 -26.7462 1.29281
-7.79975 -25.5672 1.23461
-8.04365 -24.3965 1.15414
-8.27127 -23.2536 1.0582
-8.44407 -22.0949 0.991429
-8.62874 -21.0242 0.888466
-8.8106 -19.8169 0.817414
