9.79297e-21 1.90166e-21 3.69946e-21
-0.177662 1.1169 0.0450332
-0.401334 2.2086 0.0789798
-0.628811 3.223 0.0949431
-0.816945 4.39892 0.12846
-1.03773 5.62492 0.174913
-1.27928 6.65441 0.208528
-1.47781 7.71353 0.260376
-1.66741 8.75968 0.307391
-1.82864 9.74558 0.358777
-2.00177 10.8342 0.420201
-2.25323 11.9423 0.468789
-2.50669 13.0841 0.511167
-2.7602 14.2139 0.563851
-2.97581 15.3156 0.664004
-3.24223 16.4116 0.688204
-3.48138 17.5014 0.75725
-3.68928 18.5458 0.821732
-3.908 19.6444 0.930058
-4.1361 20.7186 0.991521
-4.3837 21.8923 1.05785
-4.56349 23.0092 1.17817
-4.81343 24.1394 1.23625
-5.03148 25.3547 1.32753
-5.25368 26.531 1.4322
-5.47893 27.6962 1.52602
-5.72015 28.8947 1.62107
-5.95986 30.1172 1.70886
-6.24934 31.3253 1.79396
-6.51266 32.5313 1.92563
-6.78407 33.741 2.0405
-7.05802 34.9863 2.18567
-7.35722 36.2057 2.22823
-7.57698 37.4402 2.33133
-7.73654 38.6652 2.45638
-7.93171 39.898 2.55642
-8.14891 41.1483 2.70774
-8.39994 42.3524 2.65573
-8.47972 43.5249 2.86645
-8.53922 44.5897 2.95985
-8.34652 45.3448 3.02272
-8.08778 45.8934 3.05007
-7.67888 46.3914 3.09381
-7.09981 46.8214 3.16415
-6.45568 47.0857 3.20839
-5.52391 47.3094 3.24071
-4.38058 47.4879 3.28934
-3.30142 47.5039 3.32113
-2.20083 47.4622 3.36948
-1.03741 47.168 3.3793
-0.00429458 46.6399 3.37456
0.940932 45.943 3.35407
1.80636 45.1934 3.32295
2.50974 44.3359 3.26867
3.14352 43.4493 3.22333
3.64592 42.4686 3.14827
4.04968 41.3947 3.06883
4.27955 40.2324 2.97232
4.4381 39.1768 2.91651
4.64557 38.0746 2.81961
4.84035 36.9121 2.733
5.02259 35.7108 2.65626
5.22568 34.5082 2.569
5.34994 33.4849 2.46369
5.45436 32.4835 2.42986
5.57075 31.457 2.33458
5.65926 30.4206 2.22995
5.83383 29.1668 2.15698
5.94467 28.1409 2.12119
6.11478 26.9201 1.99713
6.29437 25.7086 1.92811
6.45248 24.6959 1.88647
6.66331 23.5717 1.8039
6.84203 22.5591 1.75231
7.08162 21.5434 1.68578
